61-------------------
0 0 0 0 1 1 1 1 1 0 0 0 0 1 0 0 1 0 1 1 1 1 1 1 1 1 1 1 0 0 0 0 1 1 1 1 1 1 0 0 1 0 0 1 1 1 0 1 1 0 1 0 0 1 1 1 1 1 1 0 0 
0 0 0 0 1 0 1 1 0 0 1 1 1 0 1 0 0 1 1 0 1 0 0 1 1 1 1 1 0 1 0 1 0 0 1 0 1 0 0 1 1 0 0 0 1 0 1 1 1 0 1 1 1 0 0 1 0 0 1 0 0 
0 0 0 0 0 1 0 1 0 0 0 1 0 0 1 0 1 0 0 1 0 1 0 0 1 1 1 0 0 1 1 1 1 1 1 1 0 0 1 1 1 1 1 0 1 0 1 1 0 1 1 1 0 1 1 0 1 0 0 1 0 
0 0 0 0 0 0 1 0 0 0 0 1 0 1 1 0 1 1 1 1 0 1 0 0 0 1 1 1 1 1 1 0 1 1 0 1 0 1 0 0 1 0 0 1 0 1 0 1 0 0 1 1 0 0 0 1 0 1 1 1 1 
0 0 0 0 0 1 0 1 1 0 1 0 1 1 0 0 1 1 1 0 1 1 1 0 1 1 0 0 1 1 0 0 0 1 1 0 1 1 1 1 1 1 1 1 0 1 0 0 1 0 1 1 0 1 1 0 0 0 1 0 1 
0 0 0 0 0 0 1 0 1 1 0 1 1 0 0 0 0 0 0 0 0 1 0 1 1 0 1 0 1 0 0 1 1 0 1 0 1 1 1 1 1 1 1 1 1 1 1 1 0 1 0 0 1 0 0 1 1 0 1 0 1 
0 0 0 0 0 0 0 0 0 0 0 0 1 0 0 1 0 1 0 1 0 1 0 0 0 0 0 0 1 1 1 1 0 0 1 1 1 0 1 0 0 1 1 1 1 1 1 0 1 1 1 1 0 1 0 0 0 0 0 1 0 
0 0 0 0 0 0 0 0 0 0 0 1 0 1 1 0 0 0 1 1 0 1 1 0 1 1 0 1 1 1 0 1 0 1 1 1 0 0 1 1 0 1 0 1 0 0 1 1 0 0 0 1 1 1 1 0 1 1 0 1 1 
1 0 0 0 1 1 0 1 0 1 0 0 1 1 1 1 1 1 0 1 1 0 0 1 1 1 1 1 0 1 1 1 0 1 1 1 0 0 0 0 1 0 0 1 0 0 1 1 0 0 0 0 1 1 0 1 0 0 1 0 0 
0 0 0 0 0 1 0 0 0 1 1 1 1 1 0 1 0 0 0 1 0 0 1 0 0 0 0 0 1 1 1 1 0 1 1 1 0 0 1 1 0 1 1 0 0 1 1 1 1 1 1 1 1 1 1 0 1 0 0 1 0 
0 1 0 0 1 0 0 0 0 0 0 1 1 0 1 1 1 1 0 1 0 1 0 1 0 0 0 1 1 0 1 1 1 0 1 1 1 0 0 1 0 1 0 1 1 0 0 0 0 0 0 1 0 0 1 0 0 0 1 1 1 
0 1 1 1 0 1 0 1 0 1 0 0 0 0 1 1 1 0 1 0 1 1 1 0 0 1 0 0 0 1 0 0 0 1 0 0 1 0 0 1 0 0 0 1 0 0 0 0 0 0 1 0 1 1 1 0 0 1 1 0 0 
0 1 0 0 1 1 1 0 1 1 1 1 0 1 1 0 0 0 1 1 1 1 1 1 1 1 0 1 1 0 1 0 0 0 0 0 1 1 0 1 0 0 0 1 0 0 0 0 1 1 0 0 0 1 0 0 0 1 0 1 1 
1 0 0 1 1 0 0 1 1 1 0 0 0 1 1 0 1 0 1 0 1 1 0 1 1 1 0 0 1 0 1 0 1 1 1 1 1 0 1 1 0 1 0 0 0 1 0 1 0 1 1 1 1 0 1 1 0 0 0 1 0 
0 1 1 1 0 0 0 1 1 0 1 1 1 0 1 1 1 0 1 1 1 1 1 1 1 1 0 0 1 1 0 1 1 0 1 0 1 1 1 1 0 0 1 1 1 1 1 0 1 0 0 0 0 0 0 0 0 0 0 1 1 
0 0 0 0 0 0 1 0 1 1 1 1 0 0 0 1 1 1 1 1 1 0 1 0 0 0 1 0 1 1 1 1 1 1 1 1 0 1 0 0 1 0 0 0 1 0 0 0 1 1 0 1 0 0 1 1 0 1 0 1 0 
1 0 1 1 1 0 0 0 1 0 1 1 0 1 1 0 0 0 0 0 0 1 0 1 1 1 0 0 1 0 0 1 0 1 0 0 0 0 0 0 0 1 1 0 1 1 1 1 0 1 1 0 0 1 1 1 1 0 1 1 1 
0 1 0 1 1 0 1 0 1 0 1 0 0 0 0 1 1 0 0 1 0 1 0 0 1 0 0 1 0 1 1 0 1 1 1 0 0 1 0 0 1 1 0 1 1 0 1 1 0 1 1 0 0 0 1 0 0 1 1 0 1 
1 1 0 1 1 0 0 1 0 0 0 1 1 1 1 1 0 1 0 0 1 1 0 0 1 0 0 0 1 0 1 1 1 0 0 0 1 0 0 0 1 1 0 1 1 0 1 0 1 0 0 0 1 1 1 1 1 1 0 1 1 
1 0 1 1 0 0 1 1 1 1 1 0 1 0 1 1 0 1 1 0 0 0 1 1 1 0 0 1 1 1 1 0 1 0 1 1 1 1 1 0 1 0 0 1 0 1 0 1 0 0 0 0 1 1 0 1 0 0 0 1 0 
1 1 0 0 1 0 0 0 1 0 0 1 1 1 1 1 0 0 1 1 0 0 0 0 0 1 1 1 0 0 1 0 0 1 0 1 0 1 1 1 1 1 1 1 1 0 1 0 1 0 1 0 0 0 1 1 1 1 0 1 0 
1 0 1 1 1 1 1 1 0 0 1 1 1 1 1 0 1 1 1 0 1 1 0 0 0 0 1 1 1 0 1 0 0 1 1 1 0 1 0 0 0 0 0 1 1 1 1 1 1 0 0 1 0 1 0 0 1 1 1 0 0 
1 0 0 0 1 0 0 1 0 1 0 1 1 0 1 1 0 0 0 1 0 1 0 1 1 0 1 0 1 0 1 1 1 0 0 0 1 1 0 0 0 1 0 0 1 1 0 1 0 0 1 1 1 0 0 0 1 0 1 0 1 
1 1 0 0 0 1 0 0 1 0 1 0 1 1 1 0 1 0 0 1 0 0 0 1 1 1 0 0 1 1 1 1 1 0 0 1 1 0 0 1 0 1 0 0 0 1 0 0 1 1 1 1 1 0 1 0 1 1 1 0 1 
1 1 1 0 1 1 0 1 1 0 0 0 1 1 1 0 1 1 1 1 0 0 1 0 1 0 0 1 0 1 1 1 1 0 1 0 0 1 0 0 0 0 1 0 1 0 0 1 0 1 1 0 1 0 0 0 0 1 1 0 0 
1 1 1 1 1 0 0 1 1 0 0 1 1 1 1 0 1 0 0 0 1 0 0 1 1 0 0 0 0 1 1 1 0 0 1 1 0 0 1 1 0 1 1 0 1 1 1 1 1 0 1 0 0 1 0 1 0 1 0 0 0 
1 1 1 1 0 1 0 0 1 0 0 0 0 0 0 1 0 0 0 0 1 1 1 0 0 1 1 0 0 0 0 0 0 0 0 0 0 1 1 1 0 1 0 0 1 0 1 0 1 1 0 1 1 1 0 1 1 0 0 0 1 
1 1 0 1 0 0 0 1 1 0 1 0 1 0 0 0 0 1 0 1 1 1 0 0 1 0 1 0 1 0 0 1 1 0 0 0 0 1 1 0 0 1 1 0 0 0 1 1 1 1 0 0 1 1 0 1 0 1 1 1 1 
0 0 0 1 1 1 1 1 0 1 1 0 1 1 1 1 1 0 1 1 0 1 1 1 1 0 0 1 1 0 1 0 1 1 0 0 0 0 1 1 1 1 1 1 1 0 0 0 0 0 0 0 0 0 0 0 1 1 1 1 0 
0 1 1 1 1 0 1 1 1 1 0 1 0 0 1 1 0 1 0 1 0 0 0 1 1 1 0 0 1 1 0 0 0 0 0 1 1 1 0 0 0 1 0 0 0 0 1 0 1 1 0 0 0 1 1 1 1 0 0 0 1 
0 0 1 1 0 0 1 0 1 1 1 0 1 1 0 1 0 1 1 1 1 1 1 1 1 1 0 0 1 1 1 1 1 1 0 1 1 1 1 1 1 1 1 0 1 0 0 1 0 0 0 0 1 1 1 0 1 1 0 0 0 
0 1 1 0 0 1 1 1 1 1 1 0 0 0 1 1 1 0 1 0 0 0 1 1 1 1 0 1 0 0 0 1 1 1 0 0 0 0 1 0 1 0 1 1 1 0 0 1 0 1 1 0 0 1 1 1 0 0 1 1 0 
1 0 1 1 0 1 0 0 0 0 1 0 0 1 1 1 0 1 1 1 0 0 1 1 1 0 0 1 1 0 1 0 1 0 1 0 1 1 0 1 1 1 0 0 1 0 0 1 0 0 0 0 0 0 0 0 0 0 0 0 1 
1 0 1 1 1 0 0 1 1 1 0 1 0 1 0 1 1 1 0 0 1 1 0 0 1 0 0 0 1 0 1 1 0 0 0 0 1 0 0 1 1 1 0 0 0 0 1 1 0 0 1 0 1 0 0 1 0 0 1 1 1 
1 1 1 0 1 1 1 1 1 1 1 0 0 1 1 1 0 1 0 1 0 1 0 0 1 1 0 0 0 0 0 0 0 0 1 0 1 0 0 1 0 1 0 1 0 1 0 1 1 0 1 1 0 1 1 0 0 1 0 0 1 
1 0 1 1 0 0 1 1 1 1 1 0 0 1 0 1 1 0 0 1 1 1 0 1 0 1 0 0 0 1 1 0 0 0 0 1 0 0 0 1 0 1 0 1 1 1 0 0 1 1 0 1 0 1 1 0 1 1 1 1 1 
1 1 0 0 1 1 1 0 0 0 1 1 1 1 1 0 0 0 1 1 0 0 1 1 0 0 0 0 0 1 1 0 1 1 1 1 0 0 0 0 0 1 0 0 0 1 1 0 1 0 1 0 0 0 0 0 0 0 1 0 1 
1 0 0 1 1 1 0 0 0 0 0 0 1 0 1 1 0 1 0 1 1 1 1 0 1 0 1 1 0 1 1 0 1 0 0 0 1 1 1 0 0 0 0 1 1 0 1 0 1 1 1 0 0 1 1 0 0 0 0 0 1 
0 0 1 0 1 1 1 1 0 1 0 0 0 1 1 0 0 0 0 1 1 0 0 0 0 1 1 1 1 0 1 1 0 0 0 0 0 0 1 0 0 0 1 1 1 0 1 1 1 0 1 0 0 1 0 0 0 1 1 1 1 
0 1 1 0 1 1 0 1 0 1 1 1 1 1 1 0 0 0 0 0 1 0 0 1 0 1 1 0 1 0 1 0 1 1 1 1 1 0 0 1 0 0 0 0 0 0 1 1 0 0 0 1 1 1 1 1 1 0 0 0 1 
1 1 1 1 1 1 0 0 1 1 0 0 0 0 0 1 0 1 1 1 1 0 0 0 0 0 0 0 1 0 1 1 1 1 0 0 0 0 0 0 0 0 1 1 0 1 0 0 1 0 0 0 1 0 0 1 0 1 0 1 0 
0 0 1 0 1 1 1 1 0 1 1 0 0 1 0 0 1 1 1 0 1 0 1 1 0 1 1 1 1 1 1 0 1 1 1 1 1 0 0 1 0 1 0 1 0 1 1 0 0 1 1 0 1 0 0 0 1 0 0 0 0 
0 0 1 0 1 1 1 0 0 1 0 0 0 0 1 0 1 0 0 0 1 0 0 0 1 1 0 1 1 0 1 1 0 0 0 0 0 0 1 0 1 1 0 0 0 1 0 0 0 0 1 1 1 0 1 1 1 1 0 0 1 
1 0 0 1 1 1 1 1 1 0 1 1 1 1 1 0 0 1 1 1 1 1 0 0 1 0 0 0 1 0 0 1 0 0 1 1 0 1 1 0 0 1 0 0 1 0 0 0 0 1 1 1 1 0 1 0 1 0 0 0 0 
1 1 1 0 0 1 1 0 0 0 1 0 0 0 1 1 1 1 1 0 1 1 1 0 1 1 0 0 1 0 1 1 1 0 0 1 0 1 1 0 0 0 0 1 1 0 1 0 1 1 1 1 1 0 1 0 0 1 0 0 0 
1 0 0 1 1 1 1 0 0 1 0 0 0 1 1 0 1 0 0 1 0 1 1 1 0 1 0 0 1 0 0 0 0 0 0 1 1 0 0 0 1 1 1 0 0 0 0 1 0 1 0 1 1 0 1 0 0 1 1 1 0 
0 1 1 0 0 1 1 1 1 1 0 0 0 0 1 0 1 1 1 0 1 1 0 0 0 1 0 1 0 1 0 1 0 1 0 0 1 1 1 1 0 1 0 0 1 0 1 0 0 0 0 0 1 1 1 0 1 0 0 1 1 
1 1 1 1 1 1 0 1 1 1 0 0 0 1 0 0 1 1 0 1 0 1 1 0 1 1 0 1 0 0 1 1 1 1 1 0 0 1 1 1 0 0 1 0 0 1 0 1 1 1 0 0 0 0 1 0 0 1 0 1 1 
1 1 0 0 1 0 1 0 0 1 0 0 1 0 1 1 0 0 1 0 1 1 0 1 0 1 1 1 0 1 0 0 0 0 1 1 1 1 1 0 1 0 0 1 0 0 0 1 1 1 1 1 1 1 0 1 0 0 0 1 1 
0 0 1 0 0 1 1 0 0 1 0 0 1 1 0 1 1 1 0 0 0 0 0 1 1 0 1 1 0 0 0 1 0 0 0 1 0 1 0 0 0 1 0 1 0 1 0 1 1 0 0 0 1 1 1 1 0 1 0 1 1 
1 1 1 1 1 0 1 0 0 1 0 1 0 1 1 0 1 1 0 0 1 0 1 1 1 1 0 0 0 0 0 1 0 1 1 0 1 1 1 0 0 1 1 1 1 0 0 0 1 1 1 1 1 0 0 1 1 1 1 0 1 
0 1 1 1 1 0 1 1 0 1 1 0 0 1 0 1 0 0 0 0 0 1 1 1 0 1 1 0 0 0 0 0 0 0 1 1 0 0 0 1 0 0 1 1 1 1 0 0 1 0 1 1 1 1 0 1 1 1 1 1 1 
0 1 0 0 0 1 0 1 1 1 0 1 0 1 0 0 0 0 1 1 0 0 1 1 1 0 1 1 0 0 1 0 0 1 0 0 0 0 0 1 1 1 1 1 1 1 1 0 1 1 0 1 0 1 1 1 0 1 1 1 1 
1 0 1 0 1 0 1 1 1 1 0 1 1 0 0 0 1 0 1 1 0 1 0 0 0 1 1 1 0 1 1 1 0 0 1 1 0 1 1 1 0 0 0 0 0 0 1 0 1 1 0 1 0 1 1 0 0 1 1 0 0 
1 0 1 0 1 0 0 1 0 1 1 1 0 1 0 1 1 1 1 0 1 0 0 1 0 0 0 0 0 1 1 1 0 0 1 1 0 1 0 0 0 1 1 1 1 1 1 1 0 1 1 0 1 1 0 1 0 0 0 0 0 
1 1 0 1 1 1 0 0 1 0 0 0 0 1 0 1 1 0 1 1 1 0 0 1 0 1 0 1 0 1 0 1 0 1 0 0 0 0 0 1 1 0 1 0 0 0 0 0 1 1 1 1 1 0 1 0 1 0 1 0 0 
1 0 1 0 0 1 0 1 0 1 0 0 0 0 0 0 1 0 1 0 1 1 1 1 0 0 1 0 1 1 1 0 0 0 0 1 0 0 0 1 0 1 1 1 0 0 1 0 0 0 1 1 0 1 0 1 1 1 1 0 1 
1 0 0 1 1 0 0 1 0 0 0 1 1 0 0 1 0 1 1 0 1 1 0 1 1 1 0 0 1 0 1 0 0 0 1 1 0 0 1 0 1 0 1 0 1 0 0 1 0 1 1 1 1 1 0 0 1 0 0 1 0 
1 1 0 1 1 1 0 0 1 0 0 1 0 0 0 0 1 1 0 0 0 1 1 1 1 0 0 1 1 0 0 1 0 1 0 1 1 0 1 0 0 0 0 0 0 1 0 0 0 0 0 1 1 1 0 0 1 0 1 1 0 
0 0 1 1 0 0 1 1 0 1 1 0 1 1 1 1 1 0 1 1 1 1 0 0 0 0 0 1 1 0 0 1 0 1 0 1 0 0 0 0 1 0 0 0 0 1 1 0 1 1 0 1 1 0 0 0 0 1 0 1 1 
0 0 0 1 1 1 0 1 0 0 1 0 1 0 1 0 1 1 1 0 0 0 1 1 0 0 1 1 0 1 0 0 1 1 1 1 1 1 1 1 0 0 1 0 0 0 1 1 1 1 1 1 1 1 0 0 0 1 0 1 1 
61-------------------
0 1 1 0 0 1 1 0 1 0 0 0 1 0 1 1 1 0 1 0 1 1 0 0 1 0 1 0 0 1 0 0 0 0 1 1 0 1 0 0 0 0 1 0 1 0 0 0 1 0 1 0 0 0 0 1 0 0 0 1 0 
0 0 1 1 1 0 0 1 0 1 1 1 1 1 0 0 1 1 1 1 1 1 0 1 0 0 0 0 1 0 1 0 0 0 1 0 1 0 1 0 0 0 0 1 1 1 1 0 1 0 0 0 0 1 0 0 0 0 0 1 1 
0 0 0 1 1 1 0 1 0 1 1 0 0 1 0 1 0 0 1 1 0 0 1 0 0 0 1 0 0 0 0 0 1 0 1 1 0 0 1 0 0 1 0 0 1 1 0 1 0 0 1 1 1 0 0 0 0 1 1 0 0 
0 0 0 0 1 1 0 0 0 1 0 1 1 1 0 0 1 0 0 1 1 1 0 0 0 1 0 1 1 1 1 1 1 1 1 1 0 1 0 0 1 1 1 0 1 0 1 1 1 0 0 0 0 1 0 0 0 0 1 1 1 
0 0 0 0 0 0 0 0 1 0 0 0 0 1 1 1 1 0 1 0 1 1 0 0 1 0 0 1 0 0 1 0 1 0 0 1 1 0 0 1 0 1 0 0 1 1 0 1 0 1 1 0 0 1 1 0 1 1 0 1 1 
0 0 0 0 0 0 1 0 1 1 1 1 1 1 0 0 0 0 1 1 0 0 0 0 1 0 1 0 1 0 0 1 1 1 1 1 1 0 1 0 1 0 0 0 0 0 0 1 0 1 0 0 1 0 1 0 0 1 0 1 0 
0 0 0 0 0 0 0 0 0 1 1 0 1 1 1 1 0 1 0 0 1 1 0 1 1 0 1 0 0 0 1 0 1 1 0 1 0 1 0 1 0 1 0 0 1 0 0 1 0 0 0 0 0 0 0 0 1 0 1 1 1 
0 0 0 0 0 0 0 0 0 1 1 0 1 0 0 0 1 1 1 1 1 1 0 0 1 1 0 0 0 1 0 0 0 1 0 1 1 0 0 0 0 0 0 0 1 0 0 0 1 0 0 1 1 1 0 0 1 1 0 1 1 
1 0 0 0 1 1 0 1 0 1 0 0 1 0 1 1 1 1 0 0 0 0 1 1 0 0 0 1 1 1 0 0 0 0 0 1 1 0 0 1 1 0 1 1 0 0 1 0 1 1 1 0 0 1 0 0 1 1 1 1 1 
0 1 1 1 0 1 1 1 0 0 1 1 0 0 0 1 1 0 0 1 1 0 0 1 1 1 1 1 1 0 0 0 0 1 0 0 1 1 0 1 0 1 1 0 0 1 0 1 0 0 0 1 0 1 1 1 0 0 0 1 1 
0 1 1 0 0 1 1 1 0 0 1 0 1 0 1 0 0 0 1 1 0 0 1 0 0 0 0 0 1 0 0 1 0 1 1 1 1 0 1 0 0 1 0 0 1 1 1 1 1 1 1 0 1 0 1 0 0 0 0 0 0 
0 1 0 1 0 1 0 0 0 1 1 0 0 1 1 1 0 0 1 0 1 0 0 1 1 0 1 0 0 0 1 1 0 0 1 0 0 1 1 1 1 1 1 0 0 1 0 0 1 1 1 1 1 1 0 0 1 0 1 1 0 
1 1 0 1 0 1 1 1 1 0 1 1 0 1 1 1 1 1 0 1 0 0 1 0 0 0 0 0 1 1 0 1 1 0 1 1 0 0 0 0 1 1 1 0 0 1 1 0 0 0 0 1 0 1 0 1 0 0 1 0 0 
0 1 1 1 1 1 1 0 0 0 0 1 0 0 1 1 1 1 0 0 1 1 1 0 1 0 1 0 0 0 0 1 1 1 1 0 1 0 0 1 1 1 0 1 0 1 0 0 0 0 1 0 0 1 0 1 1 1 0 0 1 
1 0 0 0 1 0 1 0 1 0 1 1 1 0 0 1 0 1 1 0 1 1 1 0 0 0 0 1 0 1 1 0 1 0 0 1 0 0 0 1 0 0 0 0 0 1 0 1 0 0 1 0 0 0 0 0 1 0 1 0 1 
1 0 1 0 1 0 1 0 1 1 0 1 1 1 0 1 1 0 0 1 1 0 1 0 1 0 0 0 0 1 0 1 0 1 0 0 1 0 0 1 0 1 1 0 1 0 0 0 0 1 1 0 1 1 1 0 0 1 1 0 0 
1 1 0 1 1 0 0 1 1 1 0 0 1 1 0 0 1 0 0 1 1 1 0 1 1 0 0 0 0 0 0 1 1 0 0 1 0 1 1 1 0 0 1 1 0 1 0 1 1 0 0 0 1 1 0 0 0 0 1 0 0 
0 1 0 0 0 0 1 1 1 0 0 0 1 1 1 0 1 1 1 1 1 1 0 0 1 0 0 1 1 1 1 1 0 1 0 1 1 1 1 1 0 0 0 0 1 0 1 1 0 0 1 0 0 1 0 1 0 1 0 0 1 
1 1 1 0 1 1 0 1 0 0 1 1 0 0 1 0 0 0 0 0 1 1 0 0 1 0 1 1 1 1 1 1 1 1 1 0 0 0 1 0 1 0 1 0 0 0 0 1 0 1 0 1 0 0 1 0 0 0 0 1 0 
0 1 1 1 0 1 0 1 0 1 1 0 1 0 0 1 1 1 1 0 0 0 1 1 1 0 0 1 1 1 0 1 1 1 0 0 0 1 0 0 1 1 0 0 0 1 0 1 1 1 0 0 0 0 1 1 1 0 0 1 0 
1 1 0 1 1 0 1 1 0 1 0 1 0 1 1 1 1 1 1 1 0 0 1 0 0 0 0 1 0 0 1 0 1 0 1 1 0 0 0 0 0 1 0 1 0 1 0 0 1 0 1 0 1 0 1 1 0 1 1 1 1 
1 1 0 1 1 0 1 1 0 0 0 0 0 1 1 0 1 1 1 1 0 0 1 1 1 0 0 1 0 0 1 1 1 0 0 0 1 1 0 1 1 0 1 0 0 0 0 0 0 1 1 1 1 0 0 0 1 0 0 1 0 
0 0 1 0 0 0 0 0 1 0 1 0 1 1 1 1 0 0 0 1 1 0 1 1 0 1 0 1 1 1 0 0 1 0 0 1 0 0 0 0 0 1 0 1 1 1 1 0 1 1 0 1 0 1 1 1 0 1 1 0 0 
0 1 0 0 0 0 1 0 1 1 0 1 0 0 0 0 1 0 0 1 0 1 0 0 1 1 0 1 1 0 0 1 0 0 0 0 1 1 0 0 0 1 0 1 1 1 0 1 0 1 0 1 1 0 0 1 0 0 0 0 0 
1 0 0 0 1 1 1 1 0 1 0 1 0 1 0 1 1 1 1 1 0 1 0 0 1 1 1 1 1 1 1 0 0 0 0 0 0 1 0 0 0 0 1 0 1 0 0 0 0 1 1 1 1 1 1 1 1 0 0 0 1 
0 0 0 1 0 0 0 1 0 1 0 0 0 0 0 0 0 0 0 0 0 0 1 1 0 1 1 1 0 0 1 0 0 1 1 1 1 0 1 0 1 1 0 1 0 1 1 1 0 0 1 0 1 0 1 0 1 1 0 0 0 
1 0 1 0 0 1 1 0 0 1 0 1 0 1 0 0 0 0 1 0 0 0 0 0 1 0 1 1 1 0 0 0 0 0 0 0 0 0 0 1 1 0 1 0 0 0 1 1 1 0 0 1 1 1 1 1 1 0 1 1 0 
0 0 0 1 1 0 0 0 1 1 0 0 0 0 1 0 0 1 1 1 1 1 1 1 1 1 0 1 0 0 1 1 0 0 1 1 1 1 1 0 1 1 1 0 0 1 0 1 0 1 1 0 1 1 1 1 1 0 0 0 1 
0 1 0 1 0 1 0 0 1 1 1 0 1 0 0 0 0 1 1 1 0 0 1 1 1 0 1 1 1 1 0 0 1 0 1 0 0 0 0 0 0 0 0 1 0 1 1 0 0 1 1 0 1 1 1 1 0 0 0 0 0 
1 0 0 1 0 0 0 1 1 0 0 0 1 0 1 1 0 1 1 1 0 0 1 0 1 0 0 1 1 0 1 1 0 1 1 0 0 0 1 0 0 0 0 1 0 0 1 0 1 1 1 1 0 1 1 1 1 0 0 0 0 
0 1 0 1 1 0 1 0 0 0 0 1 0 0 1 0 0 1 1 0 1 1 0 0 1 1 0 1 0 0 1 0 1 1 1 0 0 0 1 0 1 1 0 0 0 0 1 0 1 0 0 0 0 1 1 1 1 1 0 0 0 
0 0 0 1 0 1 0 0 0 0 1 1 1 1 0 1 1 1 1 1 0 1 0 1 0 0 0 1 0 1 1 0 1 0 1 1 0 1 1 0 0 1 1 1 1 0 1 1 0 1 1 1 1 0 1 0 0 0 0 1 0 
0 0 1 1 1 1 1 0 0 0 0 0 1 1 1 0 1 0 1 1 1 1 1 0 0 0 0 0 1 0 1 0 1 0 0 1 0 1 0 0 0 0 1 1 1 1 1 1 1 0 1 1 0 0 0 1 0 1 0 0 1 
0 0 0 1 0 1 1 1 0 1 1 0 0 1 0 1 0 1 1 1 0 0 0 0 0 1 0 0 0 1 1 0 1 0 1 1 0 1 1 0 1 0 1 1 0 0 1 0 1 1 1 0 0 1 0 0 1 1 0 1 1 
1 1 1 1 0 1 0 0 0 0 1 1 1 1 0 0 0 0 1 0 1 0 0 0 0 1 0 1 1 1 1 1 0 0 1 1 0 0 1 1 0 0 1 0 0 1 1 1 0 0 0 1 1 1 0 0 1 0 1 1 1 
1 0 1 1 1 1 1 1 1 0 1 0 1 0 1 0 1 1 0 0 1 0 1 0 0 1 0 1 0 0 0 1 1 1 0 1 0 1 0 0 0 0 0 1 1 0 1 1 1 0 1 1 0 1 1 0 0 0 1 1 0 
0 1 0 0 1 1 0 1 1 1 1 0 0 1 0 1 0 1 0 0 0 1 0 1 0 1 0 1 0 0 0 0 0 0 0 1 1 1 0 1 0 0 1 1 1 0 0 1 1 1 1 0 1 0 0 1 0 0 1 0 1 
1 0 0 1 0 0 1 0 0 1 0 1 0 0 0 0 1 1 0 1 0 1 0 1 1 0 0 1 0 0 0 1 1 1 0 1 0 0 1 0 0 1 0 1 1 1 1 0 1 0 1 1 0 0 1 0 1 1 1 1 0 
0 1 1 0 0 1 0 0 0 0 1 1 0 0 0 0 1 1 1 0 0 0 0 0 0 1 0 1 0 1 1 1 0 1 0 0 0 1 0 1 1 0 0 0 1 1 0 0 0 1 1 0 0 1 0 1 0 0 0 0 0 
0 0 0 0 1 0 1 0 1 1 0 1 0 1 1 1 1 1 0 0 0 1 0 0 0 0 1 0 0 0 0 0 0 0 1 0 0 0 1 1 1 0 1 1 0 0 0 0 1 1 1 0 1 0 1 1 1 1 1 0 0 
0 0 0 1 0 1 0 0 1 0 0 1 1 1 0 0 0 0 1 1 0 1 0 0 0 1 1 1 0 0 1 0 0 1 0 0 0 0 1 0 0 1 0 1 0 1 1 1 1 1 0 0 1 0 0 1 1 0 1 1 0 
0 0 1 1 1 0 1 0 0 1 1 1 1 1 0 1 0 0 0 1 1 0 1 1 0 1 0 1 0 0 1 1 0 0 0 0 0 1 0 0 0 1 0 0 1 0 0 0 0 1 0 1 1 1 0 1 1 1 0 1 1 
1 0 0 1 0 0 0 0 1 1 0 1 1 0 0 1 1 0 1 0 0 1 0 0 1 0 1 1 0 0 0 1 1 1 1 0 1 0 0 1 0 1 0 1 0 1 0 1 0 0 0 1 0 1 0 1 0 0 1 1 0 
0 1 0 0 0 0 0 0 1 0 0 0 0 1 0 0 1 0 0 0 1 0 1 1 0 0 0 0 1 1 0 1 1 1 0 1 1 1 0 1 1 0 1 0 0 0 0 0 1 0 1 1 1 1 0 0 0 0 0 1 1 
1 1 1 1 1 0 1 1 0 0 1 0 0 0 0 1 0 1 0 0 0 0 1 1 1 0 0 0 0 0 0 1 1 0 0 1 1 0 1 0 0 1 0 0 0 0 0 0 1 0 0 1 0 0 1 0 0 1 1 1 1 
0 1 1 1 1 0 0 0 0 1 1 1 1 1 1 0 1 0 0 1 1 0 1 1 0 1 0 1 1 0 0 0 1 0 1 0 0 1 1 0 1 1 1 0 0 1 0 1 0 1 0 1 0 0 1 0 1 1 1 0 0 
0 1 0 1 0 0 0 0 1 0 1 0 1 0 0 0 0 1 0 0 0 0 1 0 0 1 1 0 0 1 1 1 1 1 1 1 0 1 0 0 1 0 0 0 1 1 1 1 1 1 1 0 1 0 1 1 1 1 1 0 1 
0 0 1 1 1 1 1 0 0 1 1 0 0 0 1 0 1 1 1 1 0 0 0 1 0 1 0 1 0 0 0 1 1 0 1 1 1 1 1 0 1 0 0 0 0 1 1 1 0 0 0 1 0 1 1 1 1 1 1 0 0 
1 1 0 1 0 0 0 1 1 0 1 1 0 0 0 0 1 0 0 1 1 0 1 0 0 0 1 0 0 1 1 0 1 1 1 1 1 1 0 1 1 0 0 1 1 0 1 0 0 1 0 0 1 1 0 1 1 1 0 1 1 
0 0 0 0 1 1 0 0 1 0 1 1 0 0 0 1 0 0 1 1 0 1 1 1 1 0 0 1 1 1 0 1 0 1 0 0 1 0 1 1 1 1 0 0 0 1 1 0 0 1 0 0 0 1 0 0 1 0 1 0 1 
1 0 1 0 1 0 0 0 1 0 1 1 0 1 1 1 0 1 0 0 1 1 0 0 1 1 0 1 1 1 0 1 1 1 0 1 1 1 1 1 0 0 0 1 0 0 1 0 1 0 1 0 1 0 1 1 0 0 1 0 0 
0 0 1 0 0 0 0 1 0 1 0 1 1 0 0 0 0 0 1 0 0 1 1 1 1 0 1 0 0 1 0 1 1 0 1 1 0 1 0 0 0 0 0 1 1 1 0 1 0 0 1 0 1 0 1 1 1 1 1 0 1 
0 0 1 0 0 1 0 0 0 0 1 1 0 0 0 1 1 0 0 0 1 1 0 1 1 1 1 1 1 0 0 1 0 0 1 0 1 0 0 1 0 1 0 1 0 0 1 0 1 0 1 1 0 1 1 1 0 0 0 1 0 
0 1 0 1 1 0 0 1 1 1 0 1 1 1 0 1 1 1 0 0 0 0 1 0 1 0 1 1 1 1 1 0 0 1 1 1 0 0 0 0 0 1 1 1 0 0 0 1 1 1 0 0 1 0 1 0 1 0 0 0 0 
0 0 0 0 1 1 0 0 0 1 1 0 0 0 0 1 0 0 1 1 1 0 1 0 1 1 1 1 1 1 1 1 0 0 0 1 0 1 0 1 0 0 0 0 1 1 0 1 0 1 1 1 1 1 0 1 0 1 1 1 1 
1 0 0 0 0 0 0 0 0 1 0 1 1 1 0 0 0 1 0 1 1 0 1 1 1 0 1 1 1 1 1 0 1 0 0 0 1 0 1 1 1 1 1 0 0 0 1 1 1 0 1 1 1 0 0 0 1 0 0 1 0 
0 0 0 0 1 0 1 1 1 0 0 1 0 1 1 0 0 0 0 1 0 1 0 0 1 1 1 1 0 1 1 0 0 1 1 0 0 1 0 1 1 1 0 0 0 1 1 1 0 1 0 1 0 1 0 1 1 0 1 1 0 
0 0 0 0 1 1 0 1 1 0 0 0 0 1 0 1 0 1 0 0 1 0 1 0 0 1 0 0 0 0 1 0 1 1 0 0 0 1 0 1 0 0 0 0 1 1 1 1 1 0 0 1 0 0 1 0 0 1 0 0 1 
0 0 1 1 0 0 1 0 1 0 0 1 1 1 1 1 1 0 0 0 1 0 1 0 0 0 1 0 0 1 0 0 0 0 1 1 1 1 0 1 1 0 1 0 0 1 1 1 0 1 1 0 0 0 1 0 0 0 1 0 1 
0 1 0 1 1 1 1 1 1 1 0 1 0 0 0 0 0 0 1 1 1 1 0 0 0 0 1 0 0 0 0 1 0 1 1 1 0 1 0 0 1 1 1 1 1 0 1 1 1 0 0 1 1 0 1 1 0 0 0 0 1 
0 1 0 1 0 0 1 0 1 1 0 0 0 1 1 1 0 1 0 0 1 0 1 0 1 0 0 1 0 0 0 0 0 1 1 0 1 0 0 0 0 1 0 0 0 0 0 1 0 0 0 1 1 1 0 1 1 1 0 0 1 
61-------------------
0 1 0 0 0 0 1 1 0 1 0 1 0 1 1 0 1 1 0 0 0 1 0 0 1 1 1 1 0 1 1 1 0 0 1 1 1 0 1 0 1 1 1 1 0 0 0 0 1 0 1 1 1 1 1 0 1 0 0 0 1 
0 0 0 1 0 0 1 0 1 0 0 0 0 0 1 1 0 1 0 1 1 1 1 1 0 1 0 1 1 0 1 0 1 0 1 1 1 0 1 0 1 1 0 0 1 1 0 0 0 0 0 1 0 0 1 1 0 0 1 1 1 
0 0 0 1 1 1 1 1 0 1 0 1 1 0 1 0 1 0 1 1 0 0 1 0 0 1 1 0 1 0 0 0 0 1 0 0 0 0 1 1 0 1 1 0 0 0 1 1 1 0 0 0 1 0 0 0 0 0 0 0 0 
0 0 0 0 1 1 1 0 0 1 1 1 0 1 0 1 1 1 1 1 1 0 1 1 1 0 0 0 0 0 0 0 0 1 0 1 0 0 0 1 0 1 1 0 0 0 1 1 1 1 1 0 1 1 1 1 1 1 1 1 0 
0 0 0 0 0 1 1 1 1 0 1 1 0 0 0 0 0 0 1 0 1 1 1 0 0 1 1 0 1 1 1 0 1 0 1 0 0 1 0 0 1 0 0 1 0 0 0 1 0 1 1 0 0 0 1 0 1 1 1 1 0 
0 0 0 0 0 0 1 1 0 0 1 0 0 1 1 1 1 1 1 0 1 0 0 0 0 1 0 1 1 1 1 1 1 0 0 0 1 1 0 1 1 1 0 1 0 1 0 0 1 0 1 1 1 1 1 0 1 1 0 1 0 
0 0 0 0 0 0 0 0 0 0 0 1 1 1 1 1 0 0 0 0 0 1 0 1 1 0 1 1 1 0 1 1 1 1 0 1 1 0 0 1 0 0 1 1 1 1 0 0 0 1 0 1 1 1 0 1 0 0 1 0 1 
0 0 0 0 0 0 0 0 1 0 0 0 0 1 0 0 0 0 1 1 1 1 1 1 0 1 0 1 0 1 1 1 0 0 0 1 0 0 0 0 1 1 1 1 1 1 0 0 0 1 0 1 0 1 0 0 0 0 1 0 1 
0 1 0 0 1 0 0 0 0 1 1 0 1 0 1 0 1 1 0 1 1 1 0 0 1 1 1 0 1 1 0 0 0 1 0 1 0 1 0 1 0 1 0 1 0 1 0 0 0 0 1 0 0 1 0 0 0 1 0 0 0 
1 0 1 1 0 0 0 0 0 0 1 1 1 1 1 1 1 0 0 1 0 1 1 1 0 1 0 0 1 1 1 0 1 1 1 1 1 0 1 0 1 0 0 0 1 1 1 1 0 1 1 1 0 0 1 0 0 0 0 1 0 
0 0 0 1 1 1 0 0 1 0 1 0 1 0 1 0 1 1 0 1 1 0 1 1 0 1 1 1 0 1 1 1 1 0 0 0 0 0 1 1 1 0 1 0 0 1 1 1 0 0 0 0 0 0 1 1 0 0 1 0 0 
1 0 1 1 1 0 1 0 0 1 1 1 1 0 0 0 0 0 1 1 0 1 0 0 0 0 1 0 1 0 1 1 0 1 1 1 0 1 1 0 1 0 1 0 0 1 0 0 1 1 1 0 0 0 1 0 0 0 0 1 1 
0 0 1 0 0 0 1 0 1 1 1 0 1 0 0 0 1 0 1 0 1 1 1 0 1 0 0 0 1 0 0 1 0 0 1 1 1 0 1 0 1 0 1 1 1 1 1 0 0 0 0 1 1 1 0 1 0 1 1 1 1 
1 0 0 1 0 1 1 1 0 1 0 0 1 0 0 1 0 0 1 1 0 0 0 0 0 0 0 0 1 0 0 0 1 1 1 0 0 0 0 0 1 0 1 0 0 0 1 1 1 1 1 1 0 1 0 1 0 0 0 0 1 
1 1 1 0 0 1 1 0 1 1 1 0 0 1 1 1 1 1 1 1 0 0 1 0 0 1 1 0 1 1 1 1 0 0 1 1 0 0 1 1 1 0 0 0 1 0 0 1 1 1 1 0 1 0 0 1 1 0 0 1 1 
0 1 0 1 0 1 1 0 0 1 0 0 0 1 0 1 0 0 1 0 1 1 0 0 1 0 0 1 1 1 1 1 1 0 0 0 0 1 0 1 1 1 0 1 0 1 0 0 1 0 0 1 1 1 1 0 0 0 1 0 0 
1 0 1 1 0 1 0 0 1 1 1 0 1 0 1 1 0 0 1 0 0 1 0 0 1 0 1 1 1 1 0 1 0 1 1 0 1 1 1 1 0 1 0 1 0 1 0 1 0 0 1 1 1 1 1 1 1 1 1 0 0 
1 1 0 1 0 1 0 0 1 0 1 0 0 0 1 0 1 0 1 1 1 0 1 1 0 1 1 0 0 1 0 0 0 1 0 1 0 1 1 1 0 1 0 1 1 1 0 0 0 0 1 1 1 0 0 1 0 1 0 0 0 
0 0 1 1 1 1 0 1 0 0 0 1 1 1 1 1 1 0 0 1 1 1 1 1 0 1 1 0 0 0 0 0 0 1 0 1 0 1 0 1 1 0 1 1 1 1 1 1 1 0 1 1 0 0 0 0 0 1 0 0 0 
0 1 1 1 0 0 0 1 1 1 1 1 0 1 1 0 0 1 0 0 0 1 1 0 1 0 1 1 0 1 0 0 1 0 0 0 1 0 0 0 1 0 0 1 1 1 1 1 0 1 1 1 0 0 0 1 1 1 1 1 1 
0 1 0 1 1 1 0 1 1 0 1 0 1 0 0 1 0 1 1 1 0 0 0 1 1 0 1 1 1 0 1 1 1 0 1 1 1 1 0 1 0 1 0 0 1 1 0 1 0 0 0 1 0 0 1 1 1 1 1 0 0 
1 1 0 0 1 0 1 1 1 1 0 1 1 0 0 1 1 0 1 1 1 0 1 1 0 1 1 0 1 0 1 0 1 0 1 0 1 1 1 0 0 0 1 1 1 1 0 0 1 0 1 1 1 0 1 0 0 1 0 0 1 
0 1 1 1 1 0 0 1 0 1 1 0 1 0 1 0 0 1 1 1 0 0 0 1 0 0 0 0 0 0 0 1 1 0 0 1 1 1 0 1 0 0 1 1 0 1 1 0 1 0 0 0 0 0 0 1 0 1 0 1 0 
0 1 0 1 0 0 1 1 0 1 1 0 0 0 0 0 0 1 1 0 1 1 0 1 0 1 0 1 0 1 1 0 1 1 0 0 1 1 0 1 1 0 1 0 0 1 0 1 1 1 1 1 1 1 0 0 0 0 1 1 1 
1 0 0 1 0 0 1 0 1 0 0 0 1 0 0 1 1 0 0 1 1 0 0 1 0 0 1 0 0 1 1 0 0 1 1 1 1 1 0 1 0 0 1 0 1 0 1 0 0 1 1 1 1 0 1 0 1 0 1 0 1 
1 1 1 0 1 1 0 1 1 1 1 0 0 0 1 0 0 1 1 0 0 1 0 1 1 1 1 1 0 0 0 1 0 0 0 1 0 1 0 0 1 1 0 1 1 1 1 1 0 0 0 0 1 0 1 1 1 1 0 0 0 
1 0 1 0 1 0 1 0 1 0 1 1 0 0 1 0 1 1 1 1 1 1 0 0 1 0 0 0 0 0 0 0 1 1 0 0 1 1 0 0 1 1 1 0 1 1 1 0 1 0 0 0 1 1 1 0 1 1 0 1 0 
1 1 0 0 0 1 1 1 0 0 1 0 0 0 0 1 1 0 0 1 1 0 0 1 0 1 1 0 1 0 1 1 0 0 1 0 1 1 1 1 0 0 1 1 0 1 1 0 0 0 0 0 1 1 1 1 1 1 0 1 1 
0 1 1 0 1 1 1 0 1 1 0 1 1 1 1 1 1 0 0 0 1 1 0 0 0 0 0 0 0 0 1 0 1 0 0 0 1 0 1 0 1 1 1 1 0 0 0 1 1 1 0 0 1 0 0 1 1 0 1 1 1 
1 0 0 0 1 1 0 1 1 1 1 0 0 0 1 1 1 1 0 1 0 0 0 1 1 0 1 0 0 1 1 0 0 1 0 0 0 1 1 1 0 1 0 0 0 1 1 1 1 0 1 1 0 0 1 0 0 0 1 1 1 
1 1 0 0 1 1 1 1 0 1 1 1 0 0 1 1 0 0 0 0 1 1 0 1 1 0 0 1 1 0 1 1 0 1 0 1 1 0 0 0 1 1 0 0 1 0 0 0 1 1 0 0 0 1 1 0 1 0 0 1 0 
1 0 0 0 0 1 1 1 0 0 1 1 1 0 1 1 1 0 0 0 1 0 1 0 0 1 0 0 0 0 1 0 1 0 1 1 0 1 1 1 1 1 0 0 0 0 1 0 1 1 0 0 0 0 0 1 1 0 1 1 1 
0 1 0 0 1 1 1 0 0 1 1 0 0 1 0 1 0 0 0 1 1 1 1 1 0 0 1 0 1 0 1 1 1 1 0 0 1 1 1 0 0 0 0 0 1 0 1 0 1 1 1 1 1 0 0 1 1 0 0 0 0 
0 0 1 1 0 0 1 0 1 1 0 1 0 1 0 0 1 1 1 0 0 0 0 1 1 0 1 0 0 1 1 0 0 1 1 0 0 0 1 1 0 1 1 0 0 0 1 0 1 0 0 1 0 1 0 0 1 1 1 0 1 
1 1 0 0 1 0 0 0 0 1 0 1 1 1 1 0 1 0 0 0 1 1 0 0 1 0 0 1 0 0 0 1 0 0 1 1 0 1 0 0 1 0 1 1 1 1 1 1 0 0 1 0 1 0 0 1 0 1 0 1 1 
1 1 0 1 0 0 1 1 1 1 0 1 1 0 1 0 0 1 1 0 1 0 1 0 1 1 0 0 0 0 1 1 0 0 0 0 1 1 0 1 1 0 1 0 0 0 0 0 0 1 0 1 0 0 1 1 1 1 1 0 0 
1 1 0 0 0 1 1 0 0 1 0 0 1 0 0 0 1 0 0 1 1 1 1 1 1 0 1 1 1 0 1 0 1 0 0 0 0 1 0 1 0 1 1 1 1 0 0 1 1 1 1 0 0 0 1 0 0 1 1 0 0 
0 0 0 0 1 1 0 0 1 0 0 1 0 0 0 1 1 1 1 0 1 1 1 1 1 1 1 1 0 1 0 1 1 0 1 1 0 0 1 0 0 1 1 0 1 0 0 0 0 1 1 1 0 0 0 0 0 0 0 0 1 
1 1 1 0 0 0 0 0 0 1 1 1 1 0 1 0 1 1 0 0 0 1 0 0 0 0 0 1 1 1 0 1 1 1 0 0 1 1 1 1 1 0 1 0 0 0 0 0 1 1 0 0 1 0 0 0 1 0 0 1 1 
0 0 1 1 0 1 1 0 1 0 1 0 0 0 1 1 1 1 1 0 1 0 1 1 1 0 0 1 0 1 0 1 0 1 0 1 1 0 0 1 1 1 1 0 1 0 1 0 1 1 1 1 1 0 1 1 1 0 0 1 1 
1 1 1 0 1 1 1 1 0 1 1 1 1 1 1 1 0 0 1 1 0 0 0 1 0 1 1 0 1 0 1 1 0 0 1 1 0 0 1 1 1 0 0 0 0 1 0 0 0 0 0 1 1 1 0 1 0 1 0 0 0 
1 1 1 1 0 1 0 1 1 0 0 0 0 0 0 1 1 1 0 0 1 0 0 0 0 1 1 1 1 1 1 1 0 1 0 0 1 1 0 1 0 1 0 1 1 0 0 0 1 1 0 0 0 0 0 0 1 1 1 1 1 
1 0 1 1 0 0 1 1 0 0 1 1 1 1 0 0 0 0 1 0 0 1 1 1 1 0 1 1 1 0 0 0 0 1 1 1 1 1 1 1 0 1 0 0 1 0 0 1 0 0 0 1 1 1 0 1 1 0 0 1 0 
1 0 0 0 1 1 1 1 1 0 0 0 1 0 0 1 1 1 1 1 0 1 1 0 0 1 0 1 1 0 0 0 0 0 1 0 1 0 0 0 0 0 0 0 0 0 0 0 1 0 0 0 0 0 0 0 1 1 1 0 1 
0 1 0 0 0 0 1 1 0 1 0 0 1 0 1 0 0 1 1 1 1 1 0 0 1 1 1 0 0 0 1 0 1 0 1 0 1 1 0 1 0 1 1 1 1 1 1 1 0 0 0 0 1 0 1 1 0 0 1 1 0 
0 1 0 0 0 1 1 1 1 1 1 1 1 0 0 1 1 1 1 1 1 1 1 0 0 1 1 1 0 1 0 0 0 0 1 0 0 0 0 0 1 0 0 0 1 1 1 0 0 1 0 0 0 0 0 0 0 1 0 0 1 
0 0 1 1 0 0 0 0 0 1 1 0 1 1 0 0 0 0 1 1 0 0 1 0 1 1 1 1 0 1 0 1 1 1 1 0 0 0 0 1 0 0 1 0 0 1 1 1 0 1 0 0 0 0 1 0 1 0 0 1 1 
0 0 1 1 1 0 0 0 0 1 1 0 0 1 1 0 1 0 1 1 1 0 0 1 0 1 0 0 1 1 0 0 0 0 1 0 1 0 1 0 0 0 1 0 1 0 1 0 1 0 0 0 0 1 1 1 0 1 1 1 1 
1 0 1 1 0 1 0 0 0 0 0 1 0 1 1 1 0 0 1 0 0 1 1 1 0 0 1 0 1 1 1 1 1 1 0 0 1 1 1 1 0 1 0 1 0 0 0 1 1 1 1 0 0 0 0 0 1 0 1 0 0 
0 0 0 1 1 0 1 1 0 1 0 1 0 1 1 0 0 0 0 1 0 0 0 1 1 0 0 0 1 0 1 1 1 0 0 1 1 1 1 1 0 1 1 0 0 1 1 1 1 0 1 0 0 1 1 0 0 1 1 1 0 
1 0 0 1 1 1 0 0 1 1 0 1 0 1 1 0 1 1 1 1 1 1 0 1 1 0 0 0 0 1 0 0 1 0 1 0 1 1 1 1 0 0 0 0 0 0 0 0 1 0 0 1 1 1 0 0 1 0 0 0 1 
1 1 0 0 0 1 1 1 0 1 0 0 1 1 0 1 1 1 1 1 1 1 0 1 1 0 0 0 0 1 0 0 1 1 0 1 1 1 0 1 1 0 1 0 0 0 0 0 0 0 1 1 1 1 1 0 1 1 1 0 1 
1 0 0 1 0 1 1 0 0 1 0 0 1 0 1 1 1 1 0 0 0 1 0 1 1 0 1 1 1 0 0 0 1 0 1 0 1 0 1 1 1 0 1 0 1 0 0 0 0 0 1 1 1 1 1 0 0 1 1 0 0 
1 0 0 1 0 1 1 1 1 0 0 0 1 1 0 1 1 0 0 0 0 0 0 1 0 0 1 0 0 0 1 0 0 1 0 0 0 0 0 0 1 0 1 0 0 0 0 1 0 1 0 1 1 0 0 1 1 1 1 1 0 
1 1 0 1 1 1 1 0 0 1 1 1 0 0 0 1 1 0 1 0 1 1 0 0 1 1 1 1 0 1 1 0 0 0 0 1 1 1 0 1 1 0 0 0 1 0 1 0 0 1 0 1 1 0 0 0 0 0 0 1 0 
0 1 0 1 0 1 1 0 0 0 1 0 1 1 1 0 1 1 0 1 1 0 1 0 0 1 0 1 1 0 0 1 1 0 1 1 0 0 0 1 1 0 1 0 0 0 0 1 0 0 0 0 0 1 0 0 1 1 1 1 1 
0 0 0 1 1 1 0 0 0 0 0 0 0 0 1 0 1 0 0 1 1 0 0 0 1 1 1 1 1 0 1 1 1 1 0 1 0 0 1 1 0 1 1 0 0 0 1 0 1 0 1 1 0 1 0 1 1 1 1 0 1 
0 0 0 1 1 1 0 0 1 0 0 0 1 0 0 0 1 1 1 1 1 1 1 0 0 1 1 1 0 0 0 0 0 1 1 1 1 1 0 1 1 1 0 1 0 1 0 1 0 0 0 1 1 1 0 1 1 0 0 1 1 
0 1 0 1 1 0 1 1 0 0 1 0 1 0 0 1 1 0 0 1 1 0 0 1 1 0 0 0 1 1 1 1 0 1 0 1 1 0 0 0 0 1 0 1 1 0 0 1 1 0 0 1 1 1 0 1 1 0 0 1 1 
0 1 0 1 1 1 1 0 0 1 0 1 1 0 1 0 0 0 0 1 0 0 1 1 0 1 1 0 1 1 1 1 0 0 1 1 0 0 1 1 0 1 1 0 1 0 1 1 0 1 0 0 0 1 1 1 0 1 1 1 1 
0 1 0 0 0 0 1 1 0 0 0 1 1 1 1 0 1 0 0 1 0 1 0 1 1 0 0 1 1 1 0 1 0 1 1 0 0 1 1 1 0 1 1 1 0 1 1 1 0 0 1 1 0 0 0 1 1 1 1 1 1 
61-------------------
0 0 1 1 1 1 0 1 1 0 1 1 0 0 0 1 0 1 0 0 1 1 1 0 0 0 1 0 0 1 0 0 0 0 1 0 1 0 0 0 0 1 0 0 0 0 1 1 0 1 1 0 1 0 0 0 0 0 1 1 1 
0 0 1 1 0 0 0 1 0 0 1 0 1 1 0 1 0 1 0 1 0 0 1 1 0 1 1 1 1 1 0 1 1 1 1 1 0 1 1 1 0 0 1 1 0 0 1 0 1 0 1 1 1 1 1 0 0 0 0 0 0 
0 0 0 0 1 1 1 1 0 1 0 1 1 0 1 0 1 1 1 1 0 0 0 1 0 1 1 0 0 0 1 1 1 1 0 0 0 0 0 0 0 0 1 1 0 1 0 0 0 1 0 1 1 1 1 0 1 0 0 0 0 
0 0 0 0 0 0 0 0 0 0 1 1 1 0 1 1 0 1 0 0 1 1 1 1 1 1 0 0 1 1 1 1 1 1 1 1 0 1 0 1 1 0 0 1 0 1 0 0 0 0 0 0 0 0 1 1 1 0 0 1 1 
0 0 0 0 0 0 1 1 0 1 0 1 1 0 1 0 1 0 0 0 0 1 1 1 0 0 1 0 1 1 0 1 0 0 1 1 0 0 0 1 0 1 1 0 1 0 1 0 0 1 1 0 1 1 0 1 1 0 1 1 1 
0 0 0 0 0 0 1 0 0 0 1 1 0 1 0 0 0 1 1 0 0 0 0 1 1 0 0 1 1 0 0 1 1 1 1 0 1 0 0 1 0 0 1 0 0 0 0 0 0 1 1 0 1 1 0 0 1 1 0 0 0 
0 0 0 0 0 0 0 0 0 0 1 0 0 1 1 0 0 0 1 1 0 0 1 0 1 1 1 1 0 1 0 1 1 1 1 0 1 0 0 0 0 1 1 0 0 0 0 1 1 0 0 1 0 1 0 1 0 1 1 0 1 
0 0 0 0 0 0 0 0 1 1 1 0 1 0 1 0 1 1 1 0 0 1 0 1 1 1 0 0 1 1 0 1 0 0 0 0 1 1 0 0 0 0 1 0 0 1 1 1 1 0 0 0 0 1 1 0 0 0 0 1 0 
1 0 0 0 0 0 0 0 1 1 0 0 0 1 1 0 1 1 1 0 0 0 0 1 1 1 1 0 0 0 0 1 1 0 1 1 0 1 1 1 1 1 1 1 1 1 0 1 0 1 1 0 1 1 1 1 1 0 0 1 0 
0 0 1 0 1 0 0 1 0 0 1 0 1 1 0 1 1 0 0 1 1 0 1 0 1 0 0 1 1 0 0 0 0 1 0 1 1 1 0 0 1 1 0 1 0 1 1 1 1 1 1 0 0 1 1 0 0 1 0 1 1 
1 1 0 1 0 1 1 1 0 0 0 1 1 1 1 1 1 1 1 0 0 0 1 1 1 0 1 1 1 1 0 1 1 1 0 1 0 0 0 0 1 0 0 1 0 0 0 1 1 0 1 0 0 1 0 0 1 1 0 0 1 
1 0 1 1 1 1 0 0 0 0 0 0 0 0 1 0 0 0 1 0 1 0 0 1 0 1 0 1 1 1 0 0 1 0 0 0 0 1 0 0 0 0 1 0 1 1 0 0 1 0 1 0 0 1 1 1 1 0 0 0 0 
0 1 1 1 1 0 0 1 0 1 1 1 0 1 1 0 1 1 0 0 1 0 1 0 0 0 0 0 0 1 0 1 1 1 0 0 0 0 0 0 1 0 0 1 0 1 0 1 1 0 0 1 0 0 0 1 1 1 0 1 0 
0 1 0 0 0 1 1 0 1 1 1 0 0 0 1 0 0 1 0 0 1 0 1 0 0 1 0 0 0 0 0 1 0 1 1 1 1 0 1 1 0 1 1 0 0 0 1 1 0 0 1 0 0 0 1 0 1 1 1 0 1 
0 0 1 1 1 0 1 1 1 0 1 1 1 0 1 0 0 0 1 0 1 1 0 1 1 1 0 0 1 1 0 0 1 1 0 0 1 1 1 1 0 0 1 1 0 0 1 0 0 0 1 0 1 1 1 0 0 1 0 1 0 
1 1 0 1 0 0 0 0 0 1 1 0 0 0 1 0 0 1 1 0 1 1 0 0 0 1 1 1 0 0 0 0 1 0 1 1 1 0 1 1 0 1 0 0 1 0 1 1 1 0 0 0 1 0 1 1 1 1 1 0 1 
0 0 1 0 1 0 0 1 1 1 1 0 1 0 0 1 0 0 1 1 1 0 0 0 1 1 0 1 0 0 0 0 1 1 1 1 0 0 0 1 0 0 0 0 0 1 1 1 1 0 1 0 1 0 1 0 0 1 0 1 0 
1 1 1 1 0 1 0 1 1 0 1 0 1 1 0 1 1 0 1 0 0 0 1 1 1 1 0 0 1 1 1 1 0 1 1 1 1 0 0 1 1 1 1 0 1 1 0 1 0 0 0 1 1 0 1 0 0 0 0 1 1 
0 0 1 0 0 1 1 1 1 0 1 1 0 0 1 1 1 0 1 1 0 0 0 1 1 1 0 0 1 1 0 1 0 1 0 1 1 0 0 1 0 1 0 1 0 1 0 0 0 1 0 1 1 0 1 0 1 1 0 0 0 
0 1 1 0 0 0 1 0 0 1 0 0 0 0 0 0 1 0 0 0 0 1 0 0 1 0 1 1 0 0 0 0 1 1 1 0 1 1 0 1 1 0 0 0 0 1 0 0 1 1 1 0 0 1 1 0 0 1 0 0 1 
1 0 0 1 0 0 0 0 0 1 0 1 1 1 1 1 1 0 0 1 0 0 0 1 0 1 0 1 1 1 1 0 0 0 1 1 1 0 0 0 1 1 1 0 1 0 1 0 0 1 1 0 1 1 1 0 1 0 1 0 1 
1 0 0 1 1 0 0 1 0 0 0 0 0 0 1 1 0 0 0 1 1 1 1 0 0 1 1 1 0 0 0 1 1 1 0 0 0 1 1 0 0 0 1 1 1 1 0 0 0 0 0 1 1 1 0 0 0 1 1 1 1 
1 1 0 1 1 0 1 0 0 1 1 0 1 1 0 0 0 1 0 0 0 0 0 0 1 1 1 0 1 0 0 0 0 0 1 0 1 1 1 1 1 0 1 0 1 0 1 1 0 1 0 0 0 0 0 0 0 0 0 0 1 
0 1 1 1 1 1 0 1 1 0 1 1 0 0 1 0 0 1 1 0 1 0 1 1 0 1 1 0 0 0 1 0 1 1 0 1 0 1 1 0 0 0 1 0 1 1 1 1 1 1 1 1 1 0 1 0 0 0 0 1 0 
0 0 0 1 0 1 1 1 1 1 1 0 0 0 1 0 1 1 1 1 0 0 1 1 0 1 1 1 0 1 1 0 0 1 0 0 0 1 1 0 0 0 0 0 0 0 0 0 1 1 1 1 1 0 0 1 0 0 1 1 0 
0 1 1 1 0 0 1 1 1 0 0 1 0 1 1 1 1 1 1 0 1 1 1 1 0 0 0 1 0 1 1 0 1 0 1 0 1 1 0 1 1 0 0 0 0 0 1 0 0 0 1 0 0 0 0 1 0 1 0 0 1 
1 1 1 0 1 0 1 0 1 0 1 0 0 0 0 1 0 0 0 1 0 1 1 1 1 1 1 1 0 1 1 1 1 0 1 1 0 0 0 1 0 0 1 0 0 0 1 0 1 1 1 0 0 0 1 1 0 0 0 1 1 
0 1 0 0 0 1 1 0 0 1 1 1 0 0 0 1 1 0 0 1 1 1 0 0 1 1 0 1 0 0 0 0 1 1 0 0 0 1 0 1 1 1 0 1 0 1 1 0 0 0 1 0 1 0 1 0 0 0 0 1 0 
0 1 0 1 1 1 0 1 0 1 1 1 0 0 1 0 0 1 1 0 1 0 1 0 0 0 0 1 1 1 1 0 1 1 1 1 0 0 1 1 0 1 1 0 1 0 0 0 1 1 1 0 1 1 1 1 1 0 0 0 0 
1 1 0 1 1 0 1 1 0 0 1 1 1 0 1 0 0 1 1 0 1 0 0 0 1 1 1 0 0 1 1 0 0 0 1 0 0 0 0 0 1 0 0 0 0 0 1 1 1 0 1 1 0 1 0 1 1 0 0 1 0 
0 0 1 1 0 0 0 0 0 0 0 0 0 0 0 0 0 1 0 0 1 0 0 1 1 1 1 0 1 0 1 0 1 1 0 0 0 1 0 1 1 1 0 1 0 0 1 0 0 1 0 1 0 1 1 1 0 0 0 1 1 
0 1 1 1 1 1 1 1 1 0 1 0 1 1 0 0 0 1 1 0 0 1 1 0 0 0 1 0 0 0 0 0 0 0 1 0 0 1 1 0 1 0 0 1 1 1 0 1 0 1 1 0 1 1 1 1 0 1 0 0 0 
0 1 1 1 0 1 1 0 1 0 1 1 1 0 1 1 1 0 0 1 0 1 0 1 0 1 1 1 1 1 1 0 1 1 1 1 1 0 1 1 1 1 0 0 1 0 1 1 0 1 0 1 0 1 1 1 0 0 1 1 0 
0 1 1 1 0 1 1 0 0 1 1 0 1 1 1 0 1 1 1 1 0 1 0 1 1 0 0 1 1 0 1 1 1 1 0 0 1 1 1 1 0 1 1 0 0 0 1 0 1 1 0 0 0 1 0 1 0 0 0 1 0 
1 1 0 1 1 1 1 0 1 0 0 0 0 1 0 1 1 1 0 1 1 0 1 0 0 1 1 0 1 1 0 1 1 1 1 0 1 0 1 0 0 0 0 1 1 1 1 1 0 0 1 0 0 1 1 1 1 1 1 1 0 
0 1 0 1 1 0 0 0 1 1 1 0 0 1 0 1 1 1 1 0 1 0 0 1 0 0 1 0 1 0 0 0 1 0 1 1 1 1 0 1 0 1 0 1 0 1 0 1 1 1 0 0 1 1 0 0 1 0 1 0 1 
1 0 0 0 0 1 1 1 0 1 0 0 0 1 1 1 0 1 1 1 1 0 1 0 0 1 0 0 0 0 0 0 1 1 1 0 0 0 0 1 0 0 0 0 0 1 0 1 0 1 1 0 1 0 1 0 0 0 1 0 0 
0 1 0 1 0 0 0 1 1 1 0 1 0 0 1 0 0 0 0 1 0 1 1 1 1 1 0 1 0 0 1 1 0 1 0 1 1 1 0 0 1 0 0 0 1 0 0 0 1 0 0 1 0 1 0 0 1 1 0 1 1 
0 1 0 0 0 0 0 0 1 0 0 0 0 1 1 1 0 0 0 0 0 1 1 1 1 0 0 0 1 0 0 1 1 1 1 0 0 1 1 1 0 0 1 1 1 0 1 1 1 0 1 1 1 1 0 0 0 0 0 0 0 
0 1 0 1 1 1 0 0 1 0 0 0 0 1 1 1 1 1 1 1 0 0 1 0 0 1 1 1 1 0 1 0 1 1 0 1 1 0 0 1 0 1 1 1 1 1 0 1 1 1 0 1 0 0 0 0 0 1 1 1 0 
0 0 0 1 0 0 0 0 1 1 1 0 1 0 0 0 0 1 0 1 1 0 1 0 0 1 0 1 0 1 0 1 1 0 0 0 0 1 0 0 1 1 0 1 0 1 1 0 1 1 0 1 0 1 0 0 1 1 1 1 0 
1 0 0 0 1 0 1 0 1 1 0 0 0 1 0 1 0 1 1 0 1 0 0 0 0 0 0 1 1 0 1 0 1 1 0 1 0 0 0 1 0 0 1 1 1 0 1 0 0 0 1 1 0 0 1 1 0 0 1 0 1 
0 1 1 0 1 1 1 1 1 0 0 1 0 1 1 0 0 1 0 0 1 1 1 1 0 1 1 0 1 0 0 0 0 1 0 0 0 0 0 1 0 1 0 1 1 1 1 1 0 0 0 1 1 0 0 0 0 1 0 0 0 
0 1 1 1 0 0 0 0 1 1 1 0 1 0 1 0 0 1 1 0 0 1 0 0 0 0 0 1 0 0 1 1 0 0 1 1 0 0 1 1 0 1 1 1 0 1 0 1 1 1 0 1 0 0 0 1 0 0 1 1 1 
0 0 0 0 1 0 0 0 1 0 0 1 0 0 0 1 0 1 0 0 1 1 1 1 0 0 0 0 1 0 0 1 1 0 1 0 0 1 1 1 0 1 0 0 1 1 0 0 1 1 0 0 1 1 1 1 1 1 1 0 1 
0 0 1 1 0 0 0 1 1 1 0 1 1 0 0 0 1 1 1 1 0 1 0 1 0 0 0 1 0 0 0 1 0 0 1 1 1 0 0 1 1 0 1 1 0 1 1 0 1 0 1 0 0 0 0 1 1 0 1 0 1 
1 1 0 0 1 0 0 1 0 1 0 0 0 1 1 1 1 0 0 0 1 0 1 1 0 1 1 1 0 1 0 0 1 1 1 0 0 0 1 1 0 1 1 0 0 1 0 0 0 0 0 1 0 0 0 0 1 0 1 0 1 
1 0 0 0 0 0 1 1 1 1 1 0 1 1 0 1 0 1 0 0 0 0 1 1 0 0 0 0 0 1 0 1 1 0 1 1 0 0 0 1 0 0 1 1 0 0 0 0 0 0 0 1 0 0 0 0 0 1 0 0 0 
0 1 0 0 0 0 1 1 0 1 1 1 1 0 0 1 1 1 0 1 0 0 0 1 1 0 1 0 1 1 0 0 0 1 0 1 0 1 1 1 1 0 1 1 0 1 0 1 1 0 1 1 1 0 1 0 1 1 1 0 1 
1 0 1 0 1 1 0 0 1 1 0 0 0 0 0 0 0 0 1 1 1 0 1 1 1 0 1 0 1 0 1 1 1 1 0 1 1 0 0 1 0 0 0 1 1 0 0 0 0 1 0 0 0 0 0 0 0 1 1 1 0 
1 1 0 0 1 1 0 0 1 1 1 0 0 1 1 0 1 0 0 1 1 0 0 1 1 1 1 1 1 1 0 1 0 0 1 0 1 0 1 0 0 1 0 0 0 1 1 0 1 0 0 1 1 0 1 0 0 1 1 0 0 
0 1 1 0 0 0 1 0 0 0 0 0 1 0 0 0 0 1 1 0 0 1 0 1 1 0 0 0 0 1 0 0 1 0 0 0 0 1 1 1 1 1 0 1 0 0 1 1 1 0 1 0 0 0 1 1 1 1 1 1 0 
1 1 1 0 1 0 0 0 1 0 0 0 0 0 1 1 1 1 1 0 1 1 0 1 1 0 0 1 1 0 0 1 0 0 0 1 1 0 0 1 0 0 1 0 1 0 0 0 1 0 1 1 1 1 1 0 0 1 1 1 1 
0 1 1 0 1 1 1 1 1 1 1 1 0 0 1 0 0 1 0 1 1 1 0 0 0 0 0 0 1 1 0 1 1 1 1 1 0 1 1 1 1 0 0 0 0 0 0 0 0 0 0 0 1 1 0 1 0 1 0 0 1 
0 1 1 1 0 0 0 1 1 1 0 1 0 1 1 1 1 1 1 1 1 0 0 1 1 0 1 1 1 1 1 1 1 0 1 0 1 0 0 0 0 1 0 0 1 0 0 0 1 0 1 1 1 0 0 1 0 0 0 0 0 
0 0 0 1 1 0 0 0 1 0 0 1 1 0 0 1 0 0 0 0 0 0 0 0 1 1 1 0 1 1 1 1 1 1 1 0 0 0 0 1 0 1 0 1 0 1 0 0 0 0 0 1 0 0 1 1 1 1 0 1 1 
0 0 1 1 1 1 0 0 1 0 1 1 1 1 0 1 0 0 1 0 1 0 0 0 0 0 0 0 1 1 0 0 0 0 1 1 0 1 0 0 1 0 0 0 1 1 1 0 0 0 0 1 0 0 0 1 0 1 1 1 0 
0 0 0 0 0 1 1 0 0 1 1 0 1 1 1 0 1 0 1 0 0 1 0 0 0 1 0 0 0 0 0 1 0 0 1 0 0 0 0 1 1 0 1 0 1 0 0 1 1 1 1 1 1 1 0 1 1 0 1 1 1 
1 0 0 0 1 0 1 0 0 0 0 0 0 1 0 1 0 0 0 0 1 1 0 0 1 0 0 0 0 0 0 0 1 0 1 1 1 0 0 1 1 0 0 1 1 1 1 1 0 1 1 1 0 0 0 1 1 1 0 1 0 
1 0 0 1 1 0 0 1 1 1 0 0 1 0 1 0 1 1 0 0 0 1 0 1 1 1 1 1 0 1 1 0 1 1 1 0 0 1 0 1 1 0 0 1 0 0 0 0 0 1 1 1 1 0 1 1 1 1 1 0 0 
0 0 0 1 1 0 1 0 0 1 1 0 0 1 0 1 0 1 0 1 1 1 1 0 0 1 1 0 0 0 0 0 0 0 0 1 0 1 0 0 0 1 0 1 0 1 1 0 1 0 0 0 0 0 0 1 0 1 0 0 0 
61-------------------
0 0 1 0 1 1 1 0 0 0 1 0 1 0 0 0 1 1 1 1 1 1 1 0 1 1 0 1 0 0 0 1 0 1 1 0 0 0 1 1 1 1 1 0 1 1 0 0 1 1 1 1 1 0 1 1 1 1 1 0 0 
0 0 0 1 0 1 0 1 1 0 1 1 1 0 0 1 0 1 1 0 0 0 1 0 0 1 1 1 1 0 0 1 1 1 1 1 0 1 0 1 1 0 0 1 0 1 0 1 0 1 1 1 0 0 1 1 1 1 0 0 0 
0 0 0 1 1 1 0 1 1 1 1 1 0 0 1 1 0 0 1 1 1 1 1 1 0 1 1 0 1 1 0 1 1 1 0 0 0 0 0 0 0 0 0 1 0 0 0 0 0 1 1 1 0 0 0 1 0 1 1 1 1 
0 0 0 0 1 1 0 1 1 0 1 0 1 1 0 1 0 0 1 0 1 0 0 0 1 0 0 1 1 1 0 1 1 0 0 1 0 0 1 1 0 1 0 0 0 1 0 0 1 0 0 0 1 1 0 0 1 0 0 0 1 
0 0 0 0 0 1 0 0 1 1 0 1 1 1 1 0 1 1 1 1 0 0 1 1 1 0 1 0 0 0 0 0 0 1 1 0 1 1 0 0 0 1 1 0 1 0 1 1 0 1 0 1 1 0 1 0 1 0 1 0 1 
0 0 0 0 0 0 0 1 0 0 1 1 1 0 1 0 0 1 1 0 1 0 1 1 1 1 1 1 0 1 1 0 1 0 1 1 0 1 1 1 1 1 1 0 0 0 0 1 0 1 0 0 1 1 1 0 0 1 1 0 0 
0 0 0 0 0 0 0 0 1 1 1 1 1 1 0 1 0 0 0 1 1 0 0 1 0 0 1 0 1 1 1 1 1 1 0 1 0 0 0 0 1 1 1 1 0 1 0 1 1 1 1 0 0 0 1 1 0 1 1 0 0 
0 0 0 0 0 0 0 0 1 1 0 0 1 1 1 1 0 1 0 0 1 1 0 0 1 1 1 1 0 1 0 1 0 1 1 0 0 1 0 1 1 0 0 0 1 0 0 1 1 1 1 1 1 1 1 0 1 1 0 0 1 
0 1 1 1 1 0 1 0 0 0 0 1 0 0 1 1 0 1 0 1 1 1 0 1 1 0 1 0 1 1 1 1 1 1 0 0 0 1 0 0 0 1 1 0 0 0 0 1 0 0 1 1 0 1 0 1 0 0 0 0 0 
0 0 1 0 1 0 1 1 1 1 0 1 1 1 1 0 1 1 1 1 1 1 1 0 1 0 0 0 0 1 0 0 0 1 0 0 1 1 1 1 1 1 1 0 1 1 0 0 0 0 1 1 1 1 1 1 1 0 1 0 0 
1 1 1 1 0 1 1 0 0 1 0 0 1 0 1 1 0 1 0 0 0 1 0 0 0 0 0 1 0 0 1 0 1 1 1 0 0 1 0 0 0 0 1 0 0 0 0 1 0 0 0 1 0 0 0 1 1 0 1 0 1 
0 1 1 0 1 1 1 0 1 1 1 1 1 0 1 0 0 0 1 1 0 1 1 1 0 1 0 1 0 1 1 0 1 0 0 1 0 1 0 0 0 0 1 1 0 0 1 1 1 1 0 0 1 0 1 1 1 0 1 1 1 
1 1 0 1 1 1 1 1 0 1 1 0 0 0 0 1 1 0 1 0 0 0 0 1 0 0 0 1 1 1 0 1 1 0 1 1 1 0 0 0 0 1 0 1 0 1 1 0 1 1 1 1 1 1 1 0 0 1 0 0 1 
0 0 0 1 1 0 1 1 0 1 0 0 1 1 0 0 0 0 0 1 0 0 1 0 1 1 1 1 1 0 0 1 1 1 0 1 1 0 0 1 1 1 1 0 1 0 1 1 0 1 0 1 1 0 1 0 0 1 0 0 1 
0 0 1 0 1 1 0 1 1 1 1 1 0 1 1 1 0 1 0 0 1 1 1 0 0 0 0 1 1 1 0 1 1 1 0 0 0 0 1 1 0 1 1 1 1 0 0 0 1 0 1 1 0 0 0 1 0 1 1 1 1 
0 1 1 1 0 0 1 1 1 0 1 0 1 0 0 0 0 0 0 1 0 0 0 0 1 1 1 1 0 1 1 1 0 1 1 1 1 0 1 0 0 0 1 1 1 0 0 0 1 1 1 0 0 1 0 1 0 1 1 0 0 
1 0 0 0 1 0 0 0 0 1 0 0 1 0 0 1 1 0 0 0 0 1 1 0 0 1 0 0 1 1 1 1 0 1 1 0 1 0 1 0 1 0 0 0 0 0 0 1 1 0 1 0 0 1 1 1 1 0 0 1 0 
1 1 0 0 1 1 0 1 1 1 1 0 0 0 1 0 1 0 1 1 0 1 1 0 0 0 1 0 1 0 1 0 0 0 1 1 0 0 0 1 1 0 0 1 1 0 0 1 0 1 1 1 1 1 0 0 1 0 1 0 0 
1 1 1 1 1 1 0 0 0 1 0 1 1 0 0 0 0 0 1 0 0 0 1 1 0 0 0 1 1 0 0 0 1 0 0 1 1 0 0 1 1 0 0 1 1 1 1 0 1 0 0 1 1 1 0 0 1 1 0 1 1 
1 0 1 0 1 0 1 0 1 1 0 1 0 1 0 1 0 1 1 1 0 0 1 1 0 0 1 0 1 1 0 0 1 0 0 1 1 0 0 1 0 0 1 1 0 0 1 1 0 0 1 1 0 1 0 1 0 0 1 1 0 
1 0 1 1 0 1 1 1 1 1 0 0 0 0 1 0 0 0 0 1 0 1 1 1 1 0 1 0 1 1 1 0 1 1 1 0 1 1 0 1 1 1 0 1 1 1 1 0 0 1 0 0 1 0 0 0 1 0 1 1 1 
1 0 1 0 0 0 0 1 1 1 1 1 0 0 1 0 1 1 0 0 0 1 0 0 0 0 0 0 0 0 1 0 1 0 0 1 1 1 1 0 0 0 0 1 1 1 0 1 1 1 0 0 1 0 0 0 1 1 1 1 1 
1 1 1 0 1 1 0 0 0 1 0 1 0 1 1 0 1 1 1 1 1 1 0 0 0 0 0 0 1 0 0 1 0 0 1 0 1 0 0 0 1 0 1 0 1 1 1 1 0 1 1 0 0 1 1 1 0 1 0 1 1 
0 0 1 0 1 1 1 0 1 0 0 1 1 0 0 0 0 0 1 1 1 1 0 1 1 0 0 0 0 1 1 0 0 0 1 1 0 1 1 0 1 1 0 0 0 0 1 1 0 0 1 0 0 0 0 0 0 1 1 1 1 
1 0 0 1 1 1 0 1 1 1 0 0 0 1 0 1 0 0 0 0 1 0 0 0 0 0 0 1 0 0 1 1 1 0 1 0 1 0 1 1 0 0 0 0 1 1 0 1 0 1 0 0 0 0 1 1 0 0 1 0 0 
1 1 1 0 0 1 0 1 0 0 0 1 0 1 0 1 1 0 0 0 0 0 0 0 1 1 1 0 1 0 0 1 1 1 0 0 1 1 0 1 0 0 1 0 0 0 0 1 1 1 0 1 1 0 1 1 0 0 0 1 1 
0 1 1 0 1 1 1 1 1 0 0 0 0 1 0 1 0 1 0 1 1 0 0 0 0 0 1 0 1 1 1 1 1 0 1 1 0 1 1 1 0 0 0 1 0 1 0 1 1 0 0 1 0 0 0 1 0 1 0 1 0 
1 1 0 1 0 1 0 1 0 0 1 1 1 1 1 1 0 0 1 0 0 0 0 0 1 0 1 1 0 1 1 0 0 1 1 0 0 0 0 0 0 1 1 1 0 1 1 1 1 0 0 0 0 0 0 1 1 0 1 1 1 
0 1 1 1 0 0 1 0 1 0 0 0 1 1 1 0 1 1 1 1 1 0 1 0 0 1 1 1 1 0 0 1 0 0 1 0 1 0 1 0 0 1 1 1 1 1 1 0 0 1 0 0 0 1 1 0 1 0 1 0 0 
0 0 1 1 0 1 1 1 1 1 0 1 1 0 1 1 1 0 0 1 1 0 0 1 0 0 1 1 1 0 1 0 0 0 0 1 0 0 0 1 0 0 0 0 0 1 0 0 0 1 0 1 1 0 0 0 1 0 1 0 1 
0 0 0 0 0 1 1 0 1 0 1 1 0 0 0 1 1 1 0 0 1 1 0 1 1 0 1 1 0 0 1 1 1 1 1 0 0 0 1 0 0 1 0 0 0 0 1 1 0 1 0 0 1 0 0 0 0 0 1 0 0 
1 1 1 1 0 0 1 1 1 0 0 0 1 1 1 1 1 0 0 0 0 0 1 0 1 1 1 0 1 1 1 0 0 0 0 1 1 0 0 0 0 1 1 0 1 1 1 1 0 1 0 0 1 1 1 1 1 1 1 0 1 
0 1 1 1 0 1 1 0 1 0 1 1 1 1 1 0 0 0 1 1 1 1 0 0 1 1 1 1 0 0 1 0 0 1 1 0 1 1 1 1 0 0 0 1 1 1 1 0 0 0 1 1 1 0 1 1 0 1 1 1 0 
1 1 1 0 1 0 1 1 1 1 1 0 0 1 1 1 1 0 0 0 1 0 0 0 0 1 0 1 0 0 1 0 0 0 0 1 1 0 0 0 0 1 0 1 0 1 0 0 1 1 0 0 0 0 1 1 1 0 0 1 0 
1 1 0 0 1 1 0 1 0 0 1 0 1 0 0 1 1 1 0 0 1 0 1 1 1 0 1 1 1 0 1 0 1 1 1 0 1 1 1 0 1 0 0 1 1 0 0 0 0 0 1 1 0 0 1 1 1 0 0 0 1 
0 1 0 1 0 1 1 0 0 0 0 1 1 1 0 1 0 1 1 1 0 1 0 1 0 0 1 1 0 1 0 1 0 1 0 1 0 1 0 0 0 0 0 0 0 0 1 0 1 1 0 1 1 1 0 1 0 1 0 0 1 
0 0 0 0 1 0 0 0 0 1 0 0 1 1 0 1 1 0 1 1 1 1 1 0 1 1 0 0 1 0 0 1 1 1 1 1 0 1 0 1 1 0 0 1 1 0 1 0 0 0 1 1 0 1 1 1 0 1 1 0 1 
0 1 0 0 1 1 0 1 1 1 1 1 0 0 0 0 0 0 0 0 1 1 0 1 0 1 1 0 0 0 0 0 1 0 1 1 0 0 1 0 1 1 1 1 1 0 1 0 0 1 1 1 1 1 0 1 0 0 1 0 0 
1 0 0 1 0 1 0 0 0 1 0 0 0 0 1 1 1 0 0 0 0 1 0 1 1 0 1 0 1 0 1 0 1 0 1 0 0 0 1 1 0 1 0 1 1 0 0 0 1 1 1 1 1 1 1 1 0 0 1 0 1 
1 1 0 1 0 1 0 1 0 1 0 0 0 1 1 0 0 1 1 1 1 0 0 0 1 1 1 0 0 1 0 0 1 0 0 0 1 0 0 1 1 1 1 0 1 1 1 0 1 0 0 0 0 0 1 0 0 1 1 0 1 
1 1 0 0 0 1 1 1 0 1 0 0 0 1 0 0 1 1 1 0 1 0 1 1 0 0 1 0 0 0 0 0 0 0 1 0 1 1 0 1 0 1 1 0 1 1 1 1 0 0 1 0 1 1 1 0 1 1 1 1 1 
1 0 0 1 1 1 1 0 1 1 0 0 1 1 1 0 0 0 0 0 1 0 0 1 0 0 0 1 1 0 1 1 0 1 0 0 0 1 1 1 0 1 1 1 0 0 1 0 0 1 1 1 0 0 0 1 1 1 0 0 1 
1 0 0 0 1 1 1 0 1 1 1 1 0 1 1 1 0 0 0 1 0 0 1 0 0 1 0 1 1 0 0 1 0 0 0 0 0 1 0 1 1 0 0 1 1 1 0 0 0 0 1 1 0 1 0 0 0 0 0 0 1 
0 1 1 0 0 1 1 0 0 0 0 1 1 0 1 1 0 1 1 1 1 1 0 0 0 0 1 1 1 0 0 0 1 1 1 0 1 1 1 0 0 0 1 0 0 1 0 0 1 1 0 0 0 1 0 0 1 1 0 0 1 
1 0 0 0 1 1 0 1 0 1 0 0 0 1 1 1 0 1 1 0 1 1 1 0 1 0 0 0 1 0 0 1 1 0 1 0 1 1 1 1 1 0 1 0 1 0 0 0 1 1 0 0 0 0 0 1 1 1 0 0 0 
1 1 0 1 0 0 1 0 0 1 0 0 1 0 0 0 0 0 1 0 1 1 1 0 1 0 1 1 1 1 0 1 1 1 0 0 0 0 0 1 1 0 1 1 1 0 0 0 1 1 0 1 1 1 1 1 1 0 1 1 1 
0 0 0 0 1 0 0 0 0 0 0 1 1 1 0 0 0 0 1 1 1 0 1 1 0 0 0 1 1 0 1 1 1 0 0 0 1 1 0 1 1 1 0 0 0 0 0 0 1 0 1 1 1 1 0 0 1 1 1 0 0 
0 1 0 0 1 1 1 1 1 0 1 1 0 1 0 0 1 1 0 1 0 1 1 1 1 1 1 1 0 1 1 1 0 0 0 0 0 0 0 0 1 0 0 0 0 0 0 0 0 0 1 0 0 0 0 0 1 1 1 1 1 
1 0 0 1 0 0 1 1 0 0 0 1 1 0 1 1 1 0 1 0 0 1 0 0 0 1 1 1 0 0 0 0 0 1 0 1 0 0 1 1 0 0 0 1 1 1 1 1 1 1 1 0 0 1 0 0 1 1 0 1 0 
1 1 1 1 1 1 1 1 0 0 0 1 1 1 1 1 0 1 0 0 1 1 1 0 1 1 0 0 1 1 1 1 0 1 0 1 0 1 1 0 0 1 0 1 1 1 0 0 1 1 1 1 0 1 0 1 0 0 1 1 1 
1 1 1 0 0 1 1 1 1 1 0 0 1 0 1 1 1 1 0 1 0 0 1 1 0 0 0 0 0 0 0 1 1 0 1 0 1 1 0 0 1 1 0 0 1 0 0 1 1 1 1 1 0 0 0 1 0 1 0 1 1 
1 1 1 0 1 0 0 1 1 1 1 0 1 1 1 0 0 1 1 1 0 0 1 0 0 1 1 0 0 1 0 0 1 0 1 1 1 1 1 0 0 1 1 0 0 1 1 0 0 1 1 1 0 0 0 0 1 0 1 1 1 
1 0 0 1 1 1 0 1 0 1 0 1 1 1 0 0 0 1 1 0 1 1 0 0 0 1 0 0 0 1 1 1 1 0 0 0 0 1 1 0 1 0 0 0 0 0 1 0 0 0 0 0 1 0 1 0 1 1 1 0 0 
0 0 0 1 0 1 0 1 1 1 0 0 1 0 0 1 1 1 1 1 0 0 1 0 0 0 0 0 1 0 0 1 0 0 0 1 1 1 1 0 1 0 1 1 0 1 1 0 1 1 1 0 1 1 0 0 1 0 1 0 1 
1 1 0 1 1 1 1 1 0 1 0 0 1 1 0 0 1 0 0 0 0 0 1 0 1 1 0 0 1 0 0 1 1 1 1 0 1 0 1 1 1 0 0 0 0 1 0 0 0 0 0 0 0 0 0 1 0 0 0 1 0 
1 1 1 0 0 1 1 0 1 1 0 1 0 0 1 1 1 0 0 1 1 0 1 0 1 1 1 1 0 0 0 1 1 1 1 1 1 1 1 0 0 1 0 0 1 1 0 0 0 1 1 0 0 0 1 0 1 0 0 0 1 
1 1 0 1 1 0 0 1 0 1 1 1 0 0 0 0 1 1 1 0 1 1 0 0 0 0 0 1 1 1 0 1 0 1 1 0 0 1 0 0 0 1 0 1 1 1 1 1 1 0 0 1 1 1 0 1 1 0 0 1 1 
1 1 1 0 0 1 1 1 0 0 0 0 1 1 1 1 0 1 1 0 0 1 1 1 0 0 1 0 0 0 0 1 1 0 0 1 1 0 0 1 1 1 0 1 1 1 1 1 1 1 1 0 1 1 0 1 0 1 0 0 0 
1 0 1 0 1 1 1 0 0 1 0 1 0 0 1 1 0 1 0 1 1 1 1 1 1 0 0 1 1 1 1 1 1 0 0 0 1 1 0 1 1 0 0 0 0 1 1 1 0 1 0 1 1 1 0 1 0 0 1 0 1 
0 0 1 0 0 0 0 0 0 0 0 1 0 0 1 0 0 0 1 1 1 1 1 1 0 1 1 1 0 0 0 0 1 0 0 0 0 0 0 0 1 0 0 0 0 0 0 0 1 1 1 1 0 0 1 0 1 0 1 0 1 
1 0 1 1 1 0 0 1 1 0 1 1 1 1 1 1 0 0 1 0 1 1 1 1 0 1 0 1 0 1 0 1 0 0 1 1 1 0 1 1 1 1 1 1 0 0 0 1 0 1 1 1 0 1 0 1 1 0 1 1 0 
